# oST version 5.0 parameters


[image]

width
320

height
240

[narrow_stereo/left]

camera matrix
239.006286 0.000000 157.035653
0.000000 238.421692 122.343865
0.000000 0.000000 1.000000

distortion
0.011431 -0.013387 0.002184 -0.004363 0.000000

rectification
0.999974 -0.004157 0.005931
0.004132 0.999982 0.004289
-0.005949 -0.004265 0.999973

projection
242.909367 0.000000 153.478783 0.000000
0.000000 242.909367 121.422302 0.000000
0.000000 0.000000 1.000000 0.000000

# oST version 5.0 parameters


[image]

width
320

height
240

[narrow_stereo/right]

camera matrix
238.266489 0.000000 157.016327
0.000000 237.718200 120.445330
0.000000 0.000000 1.000000

distortion
-0.012296 0.016141 -0.001726 -0.003909 0.000000

rectification
0.999975 -0.003816 0.005942
0.003841 0.999984 -0.004266
-0.005926 0.004289 0.999973

projection
242.909367 0.000000 153.478783 -36.452587
0.000000 242.909367 121.422302 0.000000
0.000000 0.000000 1.000000 0.000000

