Left:
('D = ', [0.011430881750791705, -0.01338739349756268, 0.0021840998897601897, -0.004362874969453095, 0.0])
('K = ', [239.00628601348203, 0.0, 157.0356526771178, 0.0, 238.42169152712492, 122.34386451562906, 0.0, 0.0, 1.0])
('R = ', [0.9999737660851732, -0.00415749010443745, 0.0059314768369034, 0.004132081842427245, 0.9999822629948775, 0.004289474943531708, -0.005949205079899328, -0.004264853066074843, 0.9999732086347324])
('P = ', [242.90936680652348, 0.0, 153.4787826538086, 0.0, 0.0, 242.90936680652348, 121.42230224609375, 0.0, 0.0, 0.0, 1.0, 0.0])

Right:
('D = ', [-0.012296008697200848, 0.016140956476170434, -0.0017262019492665331, -0.003908579136583237, 0.0])
('K = ', [238.2664891872191, 0.0, 157.0163273418384, 0.0, 237.7181998556872, 120.44533010751552, 0.0, 0.0, 1.0])
('R = ', [0.9999750658225602, -0.003815503004021105, 0.005942194038620243, 0.003840884165885356, 0.9999835251142879, -0.004265806937321901, -0.005925819942468656, 0.004288523851928356, 0.9999732462527089])
('P = ', [242.90936680652348, 0.0, 153.4787826538086, -36.45258736028127, 0.0, 242.90936680652348, 121.42230224609375, 0.0, 0.0, 0.0, 1.0, 0.0])
('self.T ', [-0.15006287704843235, 0.0005725796349721488, -0.0008917249678433554])
('self.R ', [0.9999999573276797, -0.000291297649387194, 2.2143135135948155e-05, 0.0002910975505252903, 0.9999633613932645, 0.008555181663740074, -2.4634428151055403e-05, -0.008555174852858222, 0.9999634035185397])
None
# oST version 5.0 parameters


[image]

width
320

height
240

[narrow_stereo/left]

camera matrix
239.006286 0.000000 157.035653
0.000000 238.421692 122.343865
0.000000 0.000000 1.000000

distortion
0.011431 -0.013387 0.002184 -0.004363 0.000000

rectification
0.999974 -0.004157 0.005931
0.004132 0.999982 0.004289
-0.005949 -0.004265 0.999973

projection
242.909367 0.000000 153.478783 0.000000
0.000000 242.909367 121.422302 0.000000
0.000000 0.000000 1.000000 0.000000

# oST version 5.0 parameters


[image]

width
320

height
240

[narrow_stereo/right]

camera matrix
238.266489 0.000000 157.016327
0.000000 237.718200 120.445330
0.000000 0.000000 1.000000

distortion
-0.012296 0.016141 -0.001726 -0.003909 0.000000

rectification
0.999975 -0.003816 0.005942
0.003841 0.999984 -0.004266
-0.005926 0.004289 0.999973

projection
242.909367 0.000000 153.478783 -36.452587
0.000000 242.909367 121.422302 0.000000
0.000000 0.000000 1.000000 0.000000


