image_width: 320
image_height: 240
camera_name: narrow_stereo/left
camera_matrix:
  rows: 3
  cols: 3
  data: [235.609129, 0.000000, 155.470943, 0.000000, 234.954669, 123.666584, 0.000000, 0.000000, 1.000000]
distortion_model: plumb_bob
distortion_coefficients:
  rows: 1
  cols: 5
  data: [0.000312, -0.001873, 0.002112, -0.004561, 0.000000]
rectification_matrix:
  rows: 3
  cols: 3
  data: [0.999986, -0.000752, -0.005257, 0.000770, 0.999994, 0.003304, 0.005255, -0.003308, 0.999981]
projection_matrix:
  rows: 3
  cols: 4
  data: [235.959014, 0.000000, 155.493862, 0.000000, 0.000000, 235.959014, 123.103591, 0.000000, 0.000000, 0.000000, 1.000000, 0.000000]
