# oST version 5.0 parameters


[image]

width
320

height
240

[narrow_stereo/left]

camera matrix
235.609129 0.000000 155.470943
0.000000 234.954669 123.666584
0.000000 0.000000 1.000000

distortion
0.000312 -0.001873 0.002112 -0.004561 0.000000

rectification
0.999986 -0.000752 -0.005257
0.000770 0.999994 0.003304
0.005255 -0.003308 0.999981

projection
235.959014 0.000000 155.493862 0.000000
0.000000 235.959014 123.103591 0.000000
0.000000 0.000000 1.000000 0.000000

# oST version 5.0 parameters


[image]

width
320

height
240

[narrow_stereo/right]

camera matrix
235.127814 0.000000 155.848560
0.000000 234.657913 122.314104
0.000000 0.000000 1.000000

distortion
-0.001911 -0.000859 -0.001326 -0.003261 0.000000

rectification
0.999996 -0.000437 -0.002617
0.000428 0.999994 -0.003306
0.002618 0.003305 0.999991

projection
235.959014 0.000000 155.493862 -35.380975
0.000000 235.959014 123.103591 0.000000
0.000000 0.000000 1.000000 0.000000

