Left:
('D = ', [0.0003115559898585352, -0.0018732211446829137, 0.002112326725292779, -0.004561272531772128, 0.0])
('K = ', [235.60912889430503, 0.0, 155.47094290501465, 0.0, 234.95466891277968, 123.66658350089054, 0.0, 0.0, 1.0])
('R = ', [0.9999858980736805, -0.0007522106856425594, -0.005257169662371773, 0.0007695846655221839, 0.9999942470490205, 0.0033035750793618704, 0.005254654433656898, -0.003307574329745719, 0.9999807240936378])
('P = ', [235.9590140538469, 0.0, 155.4938621520996, 0.0, 0.0, 235.9590140538469, 123.103590965271, 0.0, 0.0, 0.0, 1.0, 0.0])

Right:
('D = ', [-0.0019113094399819909, -0.0008588994219043928, -0.0013257520554930198, -0.003261471578971606, 0.0])
('K = ', [235.1278141127419, 0.0, 155.84856042375094, 0.0, 234.65791297455084, 122.31410360756006, 0.0, 0.0, 1.0])
('R = ', [0.9999964807996304, -0.00043668686213947216, -0.00261680968718946, 0.00042803437829683444, 0.9999944430662161, -0.003306149309880307, 0.0026182388977192017, 0.003305017590370857, 0.9999911108023921])
('P = ', [235.9590140538469, 0.0, 155.4938621520996, -35.380975246305276, 0.0, 235.9590140538469, 123.103590965271, 0.0, 0.0, 0.0, 1.0, 0.0])
('self.T ', [-0.14994489986082937, 6.547919824831971e-05, 0.00039237864735864973])
('self.R ', [0.9999964662722646, -0.00033283614239294106, -0.002637548688836171, 0.00035026641031145095, 0.9999780870363882, 0.006610806341684836, 0.0026352905770468554, -0.0066117068256063725, 0.9999746699674081])
None
# oST version 5.0 parameters


[image]

width
320

height
240

[narrow_stereo/left]

camera matrix
235.609129 0.000000 155.470943
0.000000 234.954669 123.666584
0.000000 0.000000 1.000000

distortion
0.000312 -0.001873 0.002112 -0.004561 0.000000

rectification
0.999986 -0.000752 -0.005257
0.000770 0.999994 0.003304
0.005255 -0.003308 0.999981

projection
235.959014 0.000000 155.493862 0.000000
0.000000 235.959014 123.103591 0.000000
0.000000 0.000000 1.000000 0.000000

# oST version 5.0 parameters


[image]

width
320

height
240

[narrow_stereo/right]

camera matrix
235.127814 0.000000 155.848560
0.000000 234.657913 122.314104
0.000000 0.000000 1.000000

distortion
-0.001911 -0.000859 -0.001326 -0.003261 0.000000

rectification
0.999996 -0.000437 -0.002617
0.000428 0.999994 -0.003306
0.002618 0.003305 0.999991

projection
235.959014 0.000000 155.493862 -35.380975
0.000000 235.959014 123.103591 0.000000
0.000000 0.000000 1.000000 0.000000


