image_width: 320
image_height: 240
camera_name: narrow_stereo/right
camera_matrix:
  rows: 3
  cols: 3
  data: [235.127814, 0.000000, 155.848560, 0.000000, 234.657913, 122.314104, 0.000000, 0.000000, 1.000000]
distortion_model: plumb_bob
distortion_coefficients:
  rows: 1
  cols: 5
  data: [-0.001911, -0.000859, -0.001326, -0.003261, 0.000000]
rectification_matrix:
  rows: 3
  cols: 3
  data: [0.999996, -0.000437, -0.002617, 0.000428, 0.999994, -0.003306, 0.002618, 0.003305, 0.999991]
projection_matrix:
  rows: 3
  cols: 4
  data: [235.959014, 0.000000, 155.493862, -35.380975, 0.000000, 235.959014, 123.103591, 0.000000, 0.000000, 0.000000, 1.000000, 0.000000]
