# oST version 5.0 parameters


[image]

width
320

height
240

[narrow_stereo/left]

camera matrix
235.494366 0.000000 164.240056
0.000000 234.988411 119.381772
0.000000 0.000000 1.000000

distortion
-0.002156 0.002946 0.001216 -0.004627 0.000000

rectification
0.999992 -0.001341 -0.003898
0.001369 0.999974 0.007143
0.003888 -0.007149 0.999967

projection
236.875785 0.000000 163.865921 0.000000
0.000000 236.875785 117.296951 0.000000
0.000000 0.000000 1.000000 0.000000

# oST version 5.0 parameters


[image]

width
320

height
240

[narrow_stereo/right]

camera matrix
234.461654 0.000000 166.342915
0.000000 234.201223 116.127343
0.000000 0.000000 1.000000

distortion
-0.006413 0.012238 -0.004632 -0.002748 0.000000

rectification
0.999991 -0.002135 0.003561
0.002161 0.999972 -0.007142
-0.003546 0.007150 0.999968

projection
236.875785 0.000000 163.865921 -35.607980
0.000000 236.875785 117.296951 0.000000
0.000000 0.000000 1.000000 0.000000

