Left:
('D = ', [-0.0021556735065056186, 0.0029462353286097945, 0.0012157799236109845, -0.0046271330616618036, 0.0])
('K = ', [235.49436629007138, 0.0, 164.24005612062743, 0.0, 234.98841060397123, 119.38177151783323, 0.0, 0.0, 1.0])
('R = ', [0.9999915040979681, -0.0013409859081193103, -0.003897882588985066, 0.0013688056041539177, 0.999973549850684, 0.007143246477590929, 0.003888200496543895, -0.007148521232800804, 0.9999668897223962])
('P = ', [236.87578496208093, 0.0, 163.8659210205078, 0.0, 0.0, 236.87578496208093, 117.29695129394531, 0.0, 0.0, 0.0, 1.0, 0.0])

Right:
('D = ', [-0.006413120663003068, 0.012238153637791033, -0.0046315623201665665, -0.002748380327678214, 0.0])
('K = ', [234.4616541323271, 0.0, 166.3429147951396, 0.0, 234.2012233390448, 116.12734307862105, 0.0, 0.0, 1.0])
('R = ', [0.9999913781309541, -0.0021354218547570067, 0.003561409448161876, 0.002160816859557851, 0.9999721604897688, -0.0071420666423475864, -0.0035460589750709102, 0.007149700617963656, 0.9999681531162974])
('P = ', [236.87578496208093, 0.0, 163.8659210205078, -35.607980128816344, 0.0, 236.87578496208093, 117.29695129394531, 0.0, 0.0, 0.0, 1.0, 0.0])
('self.T ', [-0.15032213245087397, 0.0003210039345574256, -0.000535363278609185])
('self.R ', [0.999972052252132, 0.000845134437191472, -0.007428355298609408, -0.0007388367456533274, 0.9998974648607513, 0.014300835126175396, 0.0074396797594102, -0.01429494710818661, 0.9998701443948868])
None
# oST version 5.0 parameters


[image]

width
320

height
240

[narrow_stereo/left]

camera matrix
235.494366 0.000000 164.240056
0.000000 234.988411 119.381772
0.000000 0.000000 1.000000

distortion
-0.002156 0.002946 0.001216 -0.004627 0.000000

rectification
0.999992 -0.001341 -0.003898
0.001369 0.999974 0.007143
0.003888 -0.007149 0.999967

projection
236.875785 0.000000 163.865921 0.000000
0.000000 236.875785 117.296951 0.000000
0.000000 0.000000 1.000000 0.000000

# oST version 5.0 parameters


[image]

width
320

height
240

[narrow_stereo/right]

camera matrix
234.461654 0.000000 166.342915
0.000000 234.201223 116.127343
0.000000 0.000000 1.000000

distortion
-0.006413 0.012238 -0.004632 -0.002748 0.000000

rectification
0.999991 -0.002135 0.003561
0.002161 0.999972 -0.007142
-0.003546 0.007150 0.999968

projection
236.875785 0.000000 163.865921 -35.607980
0.000000 236.875785 117.296951 0.000000
0.000000 0.000000 1.000000 0.000000

