image_width: 320
image_height: 240
camera_name: narrow_stereo/left
camera_matrix:
  rows: 3
  cols: 3
  data: [240.137358, 0.000000, 155.190995, 0.000000, 239.564941, 123.566267, 0.000000, 0.000000, 1.000000]
distortion_model: plumb_bob
distortion_coefficients:
  rows: 1
  cols: 5
  data: [-0.006421, 0.004395, 0.001810, -0.003652, 0.000000]
rectification_matrix:
  rows: 3
  cols: 3
  data: [0.999895, -0.002936, -0.014168, 0.003023, 0.999977, 0.006054, 0.014150, -0.006097, 0.999881]
projection_matrix:
  rows: 3
  cols: 4
  data: [240.571817, 0.000000, 158.295624, 0.000000, 0.000000, 240.571817, 121.958496, 0.000000, 0.000000, 0.000000, 1.000000, 0.000000]
