# oST version 5.0 parameters


[image]

width
320

height
240

[narrow_stereo/left]

camera matrix
240.137358 0.000000 155.190995
0.000000 239.564941 123.566267
0.000000 0.000000 1.000000

distortion
-0.006421 0.004395 0.001810 -0.003652 0.000000

rectification
0.999895 -0.002936 -0.014168
0.003023 0.999977 0.006054
0.014150 -0.006097 0.999881

projection
240.571817 0.000000 158.295624 0.000000
0.000000 240.571817 121.958496 0.000000
0.000000 0.000000 1.000000 0.000000

# oST version 5.0 parameters


[image]

width
320

height
240

[narrow_stereo/right]

camera matrix
240.298888 0.000000 156.806708
0.000000 239.781498 120.792453
0.000000 0.000000 1.000000

distortion
-0.012608 0.009760 -0.003199 -0.003208 0.000000

rectification
0.999973 -0.003164 -0.006648
0.003124 0.999977 -0.006086
0.006667 0.006065 0.999959

projection
240.571817 0.000000 158.295624 -36.124769
0.000000 240.571817 121.958496 0.000000
0.000000 0.000000 1.000000 0.000000

