Left:
('D = ', [-0.006421445521415402, 0.004395198315946212, 0.0018104868495894145, -0.0036516937949236617, 0.0])
('K = ', [240.13735766833247, 0.0, 155.1909948561807, 0.0, 239.56494123217234, 123.56626696880083, 0.0, 0.0, 1.0])
('R = ', [0.9998953130328011, -0.002936494776051509, -0.014168273482210069, 0.0030225253543146586, 0.9999771036013568, 0.006054470540340902, 0.014150170158658866, -0.006096660682008883, 0.9998812946610259])
('P = ', [240.57181656625025, 0.0, 158.29562377929688, 0.0, 0.0, 240.57181656625025, 121.95849609375, 0.0, 0.0, 0.0, 1.0, 0.0])

Right:
('D = ', [-0.012608157802441776, 0.009759585197054426, -0.003199089019378947, -0.0032081094057465555, 0.0])
('K = ', [240.29888795774056, 0.0, 156.80670791659685, 0.0, 239.78149836453434, 120.79245266588902, 0.0, 0.0, 1.0])
('R = ', [0.9999728946348945, -0.0031641703182043444, -0.006648159272128787, 0.00312371925637553, 0.9999766003077856, -0.006086149430536542, 0.006667261320628287, 0.006065217480096341, 0.9999593795566906])
('P = ', [240.57181656625025, 0.0, 158.29562377929688, -36.12476904243767, 0.0, 240.57181656625025, 121.95849609375, 0.0, 0.0, 0.0, 1.0, 0.0])
('self.T ', [-0.1501580292446078, 0.0004751384579769472, 0.0009983015537342954])
('self.R ', [0.9999719949081055, 0.00014658452321555682, -0.007482507098656787, -5.5560583265730456e-05, 0.9999260184415821, 0.01216365720440508, 0.0074837365350126205, -0.012162900827608606, 0.9998980235658695])
None
# oST version 5.0 parameters


[image]

width
320

height
240

[narrow_stereo/left]

camera matrix
240.137358 0.000000 155.190995
0.000000 239.564941 123.566267
0.000000 0.000000 1.000000

distortion
-0.006421 0.004395 0.001810 -0.003652 0.000000

rectification
0.999895 -0.002936 -0.014168
0.003023 0.999977 0.006054
0.014150 -0.006097 0.999881

projection
240.571817 0.000000 158.295624 0.000000
0.000000 240.571817 121.958496 0.000000
0.000000 0.000000 1.000000 0.000000

# oST version 5.0 parameters


[image]

width
320

height
240

[narrow_stereo/right]

camera matrix
240.298888 0.000000 156.806708
0.000000 239.781498 120.792453
0.000000 0.000000 1.000000

distortion
-0.012608 0.009760 -0.003199 -0.003208 0.000000

rectification
0.999973 -0.003164 -0.006648
0.003124 0.999977 -0.006086
0.006667 0.006065 0.999959

projection
240.571817 0.000000 158.295624 -36.124769
0.000000 240.571817 121.958496 0.000000
0.000000 0.000000 1.000000 0.000000


