# oST version 5.0 parameters


[image]

width
320

height
240

[narrow_stereo/left]

camera matrix
246.299652 0.000000 158.156967
0.000000 245.686937 117.071301
0.000000 0.000000 1.000000

distortion
-0.073111 0.199072 -0.002334 -0.003194 0.000000

rectification
0.999948 0.003156 0.009695
-0.003149 0.999995 -0.000736
-0.009698 0.000705 0.999953

projection
256.320193 0.000000 154.357666 0.000000
0.000000 256.320193 116.900381 0.000000
0.000000 0.000000 1.000000 0.000000

# oST version 5.0 parameters


[image]

width
320

height
240

[narrow_stereo/right]

camera matrix
244.131048 0.000000 159.183801
0.000000 243.704056 117.886253
0.000000 0.000000 1.000000

distortion
0.004026 -0.004789 -0.003935 -0.000636 0.000000

rectification
0.999903 0.001513 0.013811
-0.001523 0.999999 0.000710
-0.013810 -0.000731 0.999904

projection
256.320193 0.000000 154.357666 -38.493892
0.000000 256.320193 116.900381 0.000000
0.000000 0.000000 1.000000 0.000000

