Left:
('D = ', [-0.07311104075452897, 0.1990723205840059, -0.002333588066867062, -0.0031939131560219077, 0.0])
('K = ', [246.29965233553017, 0.0, 158.1569665920473, 0.0, 245.6869370580722, 117.07130149367265, 0.0, 0.0, 1.0])
('R = ', [0.9999480185570774, 0.003155982247665981, 0.009695357643074602, -0.0031489936742775454, 0.9999947710594982, -0.0007359976230586064, -0.00969762974205905, 0.0007054287449523008, 0.9999527280565175])
('P = ', [256.3201933079774, 0.0, 154.357666015625, 0.0, 0.0, 256.3201933079774, 116.90038108825684, 0.0, 0.0, 0.0, 1.0, 0.0])

Right:
('D = ', [0.004026356988330145, -0.004788984698078547, -0.003934501825574878, -0.0006356520527439777, 0.0])
('K = ', [244.1310475389002, 0.0, 159.18380126528356, 0.0, 243.70405611547437, 117.88625309512945, 0.0, 0.0, 1.0])
('R = ', [0.9999034825930135, 0.0015130946807084087, 0.013810722024939425, -0.0015230482266894484, 0.9999985879532404, 0.0007102222358966734, -0.013809627890066898, -0.0007311880827774367, 0.9999043751987113])
('P = ', [256.3201933079774, 0.0, 154.357666015625, -38.493891996852625, 0.0, 256.3201933079774, 116.90038108825684, 0.0, 0.0, 0.0, 1.0, 0.0])
('self.T ', [-0.15016443366974616, -0.00022723493794422228, -0.0020740794362141242])
('self.R ', [0.99999022289459, 0.00162289566920838, -0.004113432249940561, -0.0016288824085860488, 0.999997618518982, -0.001452480107811347, 0.004111065230203151, 0.0014591662041910903, 0.9999904849430626])
None
# oST version 5.0 parameters


[image]

width
320

height
240

[narrow_stereo/left]

camera matrix
246.299652 0.000000 158.156967
0.000000 245.686937 117.071301
0.000000 0.000000 1.000000

distortion
-0.073111 0.199072 -0.002334 -0.003194 0.000000

rectification
0.999948 0.003156 0.009695
-0.003149 0.999995 -0.000736
-0.009698 0.000705 0.999953

projection
256.320193 0.000000 154.357666 0.000000
0.000000 256.320193 116.900381 0.000000
0.000000 0.000000 1.000000 0.000000

# oST version 5.0 parameters


[image]

width
320

height
240

[narrow_stereo/right]

camera matrix
244.131048 0.000000 159.183801
0.000000 243.704056 117.886253
0.000000 0.000000 1.000000

distortion
0.004026 -0.004789 -0.003935 -0.000636 0.000000

rectification
0.999903 0.001513 0.013811
-0.001523 0.999999 0.000710
-0.013810 -0.000731 0.999904

projection
256.320193 0.000000 154.357666 -38.493892
0.000000 256.320193 116.900381 0.000000
0.000000 0.000000 1.000000 0.000000

