image_width: 320
image_height: 240
camera_name: narrow_stereo/right
camera_matrix:
  rows: 3
  cols: 3
  data: [244.131048, 0.000000, 159.183801, 0.000000, 243.704056, 117.886253, 0.000000, 0.000000, 1.000000]
distortion_model: plumb_bob
distortion_coefficients:
  rows: 1
  cols: 5
  data: [0.004026, -0.004789, -0.003935, -0.000636, 0.000000]
rectification_matrix:
  rows: 3
  cols: 3
  data: [0.999903, 0.001513, 0.013811, -0.001523, 0.999999, 0.000710, -0.013810, -0.000731, 0.999904]
projection_matrix:
  rows: 3
  cols: 4
  data: [256.320193, 0.000000, 154.357666, -38.493892, 0.000000, 256.320193, 116.900381, 0.000000, 0.000000, 0.000000, 1.000000, 0.000000]
